224
802
241
790
250
779
255
858
285
826
283
0
0
1
0
1
4
13
12
17
24
29
36
43
55
54
63
66
71
78
82
89
96
107
134
134
165
156
157
148
141
137
131
122
118
109
106
99
95
89
84
77
72
64
61
55
49
42
37
31
26
23
16
8
3
0
0
0
0
179
680
843
828
1023
375
1023
399
992
0
0
0
0
1
4
10
15
19
25
32
39
45
51
58
62
68
75
78
84
93
98
104
109
115
124
152
152
152
190
185
175
175
166
159
156
147
141
135
130
122
118
111
107
100
95
89
83
78
72
66
60
55
49
44
47
33
25
18
13
8
4
0
0
7
0
0
0
0
0
0
1
6
10
17
21
28
32
37
44
54
57
60
68
72
80
84
91
98
103
106
114
121
131
134
140
164
164
164
202
196
189
184
179
175
170
158
152
144
138
131
130
122
119
110
103
97
92
86
80
77
70
70
63
51
47
40
35
29
24
25
13
0
0
0
0
0
0
1
0
0
7
2
6
9
15
19
25
30
35
41
48
55
60
65
75
76
83
89
95
101
111
114
119
124
128
155
155
194
185
183
175
172
163
161
151
144
138
131
126
122
113
110
102
97
92
87
82
76
70
64
57
52
46
40
35
30
22
16
10
6
5
230
685
219
748
252
722
234
0
0
0
0
0
3
11
11
20
23
30
36
42
44
54
58
65
70
77
81
86
100
101
105
111
117
127
145
145
175
175
170
165
159
149
145
136
134
126
119
114
106
102
96
89
82
79
73
67
60
54
49
44
39
39
27
20
14
8
4
1
0
0
92
641
39
690
46
666
68
682
64
0
0
3
3
0
6
11
16
21
29
35
40
46
56
57
64
70
74
82
88
93
99
104
115
118
148
148
148
183
180
173
169
162
158
149
142
134
132
124
119
112
111
100
93
93
89
83
76
67
60
54
50
45
40
32
25
20
15
11
6
0
156
541
146
489
161
0
0
0
0
0
2
5
11
16
23
26
32
37
44
51
55
62
67
74
77
86
91
96
109
109
115
120
127
135
160
160
160
197
190
186
178
172
166
157
159
148
140
134
131
125
117
110
106
102
97
89
82
76
71
65
60
56
50
42
35
30
31
19
12
6
538
124
567
163
524
7
0
0
0
1
4
8
21
18
23
31
37
42
46
54
63
64
71
75
83
89
93
99
107
113
116
122
131
138
160
160
161
195
186
181
176
171
162
159
150
146
137
130
128
120
115
108
102
98
93
87
81
74
68
64
58
58
47
40
34
31
23
16
10
11
191
821
155
913
175
873
0
0
0
0
0
3
6
17
15
22
27
33
39
47
49
56
63
67
79
78
84
92
97
101
109
119
122
127
149
149
185
179
169
171
163
158
149
150
139
130
124
117
115
107
106
96
89
84
78
73
74
62
56
50
47
38
31
25
27
14
8
3
9
0
750
226
851
183
807
166
813
170
788
0
0
0
0
6
5
12
27
31
30
34
40
47
50
58
64
71
75
87
88
94
98
106
112
119
149
149
149
149
182
178
173
168
158
155
153
140
143
125
120
118
111
104
97
93
95
87
79
73
64
58
52
47
42
37
28
22
18
13
6
1
623
273
646
305
600
0
0
0
0
0
2
5
11
15
21
27
33
39
45
48
56
62
67
72
79
84
90
102
103
108
114
120
126
134
160
160
160
199
193
188
179
172
167
164
153
145
145
136
130
126
116
114
106
100
95
89
83
77
73
69
62
54
49
45
39
32
26
29
14
8
0
0
0
0
0
0
0
1
3
7
14
19
23
29
34
40
45
51
58
64
67
75
80
87
93
98
105
112
115
120
128
135
142
147
176
176
176
215
206
211
192
188
184
183
169
164
154
148
144
142
131
125
121
116
106
103
97
91
87
81
72
68
67
57
50
46
41
32
26
30
0
0
0
0
0
0
3
0
3
4
10
14
19
24
31
35
41
48
52
58
65
71
75
83
87
95
100
102
115
118
123
128
138
143
164
165
204
199
188
189
178
171
169
159
153
148
140
136
131
122
120
112
107
101
96
90
84
78
74
67
60
55
50
45
37
30
25
22
13
6
0
0
0
0
0
11
7
9
3
5
10
26
21
27
32
36
43
49
54
60
67
71
79
82
90
96
100
109
114
118
123
131
140
145
176
176
215
209
202
197
191
186
177
170
164
154
150
144
142
132
129
122
115
109
104
99
95
86
81
72
70
64
57
52
47
41
33
28
31
16
0
0
0
0
0
0
0
2
4
9
14
19
22
31
36
42
50
54
58
65
