0
0
0
0
0
0
0
0
0
0
0
0
0
0
2
12
22
16
22
27
32
38
46
54
56
63
67
75
79
84
95
99
102
108
141
141
173
164
163
155
152
147
147
132
128
119
113
107
102
100
92
91
82
73
69
62
58
52
46
40
35
29
26
21
12
6
1
0
5
0
768
121
837
133
811
125
808
148
768
0
0
0
0
2
6
11
17
23
29
34
40
50
50
57
64
69
75
81
87
92
98
105
112
118
146
145
146
181
176
168
167
160
152
147
138
132
131
122
115
110
115
98
97
90
82
76
71
66
61
55
48
42
36
30
25
20
17
8
3
0
157
890
227
950
319
980
6
0
0
0
3
7
9
15
18
25
32
36
42
50
56
61
69
72
79
84
90
95
106
108
114
119
125
135
159
159
159
194
189
183
179
174
162
156
154
147
141
133
128
127
115
111
104
100
94
88
82
76
73
65
61
56
47
41
36
32
24
18
13
9
190
761
160
833
170
790
178
0
0
0
0
0
4
6
11
18
24
30
36
47
46
54
58
65
70
76
82
88
94
99
106
114
119
125
150
150
187
179
177
168
168
160
154
143
140
136
128
120
114
111
107
102
94
88
84
79
74
68
62
59
59
44
37
30
24
20
15
10
3
0
280
706
251
787
245
797
251
782
0
0
0
0
5
3
8
13
19
25
30
36
43
49
54
61
66
71
78
84
89
96
100
106
116
121
145
145
171
173
169
165
161
151
144
140
133
127
121
115
107
104
96
94
86
80
75
71
67
62
55
48
41
34
28
23
18
14
6
5
0
0
758
290
830
283
775
295
779
315
727
0
0
0
0
2
9
13
18
23
30
36
41
49
52
62
65
69
83
83
88
94
99
106
111
119
151
151
151
186
183
176
173
165
164
153
152
144
147
130
123
119
123
106
111
96
90
84
80
75
70
63
56
50
44
38
34
31
22
15
9
4
0
0
0
0
0
0
0
0
0
0
10
9
15
19
24
33
41
43
48
55
59
66
69
78
83
88
93
101
108
113
119
124
128
136
152
152
152
187
180
176
168
162
157
150
137
132
133
124
118
122
106
103
97
90
83
77
72
67
61
56
52
46
38
32
26
21
16
8
3
0
760
116
812
125
810
152
797
128
0
0
