0
0
0
0
0
0
0
0
0
0
0
0
2
3
7
15
21
29
41
40
43
44
44
44
45
47
51
50
54
63
70
81
87
97
150
150
150
149
150
150
151
150
151
148
149
155
149
148
149
151
149
153
143
136
135
118
110
102
94
85
77
68
60
52
43
42
28
17
8
1
190
915
140
888
131
829
139
847
144
808
0
0
0
0
0
0
0
0
0
0
1
7
8
16
30
32
42
50
62
68
77
90
95
103
150
149
150
149
149
148
148
150
149
148
148
148
148
149
159
153
149
148
151
146
138
131
127
114
106
97
89
80
72
62
54
45
36
28
19
12
0
0
0
0
0
0
0
0
0
0
3
8
15
20
26
28
28
28
29
30
31
32
35
40
47
56
65
73
82
95
99
106
115
125
168
169
169
168
168
167
168
167
168
167
169
170
168
169
178
169
167
168
170
163
153
146
141
139
123
115
105
98
90
82
73
67
63
50
40
30
0
0
0
0
0
0
0
0
0
0
0
1
8
14
20
26
28
30
30
30
29
31
34
34
40
46
55
63
72
86
90
97
106
119
155
155
154
153
155
154
153
159
153
154
153
153
153
157
157
154
153
156
152
145
138
137
121
113
104
96
88
80
71
63
62
52
38
28
19
11
749
217
868
175
856
185
876
223
131
0
0
0
3
5
8
22
19
20
20
21
20
24
21
25
26
34
42
52
62
69
78
88
96
104
141
141
140
141
141
140
141
140
140
143
143
140
143
143
143
141
140
140
136
126
118
112
111
95
87
78
69
61
55
53
39
29
18
12
3
0
173
818
124
895
185
865
173
819
209
783
186
761
215
717
223
716
206
713
0
0
0
0
3
9
19
25
33
43
52
60
70
78
85
96
145
145
145
144
145
144
144
145
144
145
148
145
145
144
144
144
144
151
144
149
136
126
118
112
105
101
95
86
78
63
53
43
33
24
16
9
0
0
0
0
0
0
1
0
0
0
0
3
8
13
21
23
22
22
24
25
29
26
30
30
39
48
57
71
75
82
92
103
109
117
162
162
162
162
162
161
162
162
162
166
160
160
162
160
161
161
162
162
161
156
151
148
135
126
117
109
103
95
85
76
66
57
49
40
39
24
0
0
0
0
0
0
0
0
0
0
