0
0
0
0
0
0
0
0
15
0
0
0
0
2
9
15
37
28
36
44
51
59
69
76
84
90
105
106
112
126
126
132
138
139
140
140
139
138
139
143
139
143
137
138
136
133
133
135
127
127
127
126
126
127
116
110
105
98
92
86
80
74
67
61
56
52
43
34
29
27
0
0
1
19
0
0
3
7
12
16
21
27
33
38
45
51
58
63
71
74
79
85
95
93
91
95
92
92
94
97
97
96
97
99
116
117
117
116
116
116
116
115
116
114
115
122
115
115
115
114
123
113
112
111
111
113
110
102
94
90
86
85
70
64
56
51
43
35
29
24
8
8
7
9
10
12
23
22
29
33
41
46
55
60
67
72
80
84
95
100
111
112
119
124
131
145
136
136
136
137
136
136
142
147
158
158
158
157
157
156
157
157
157
163
157
156
156
165
156
149
143
136
126
121
111
103
98
87
78
70
61
63
45
35
26
18
10
4
0
0
724
274
719
257
746
291
712
270
667
317
0
0
0
0
0
5
11
18
27
33
40
49
62
64
70
77
84
92
103
108
114
120
127
131
134
134
133
132
134
134
133
134
132
133
132
126
120
117
107
96
88
85
72
65
59
46
37
30
25
15
7
1
0
0
0
177
474
186
513
1023
1023
1023
1019
1020
1022
308
1002
351
1009
0
0
0
0
0
6
14
23
31
39
48
58
66
72
82
89
99
106
118
123
130
140
147
153
160
168
168
166
167
168
168
168
168
167
168
168
166
167
167
161
154
148
139
130
127
114
107
98
90
82
74
66
57
48
39
30
29
13
5
0
0
292
782
244
867
261
889
258
851
239
858
203
0
0
0
0
5
0
4
15
15
19
26
31
35
42
48
54
58
64
68
74
78
82
84
85
86
86
84
85
84
84
84
87
84
83
88
84
82
75
68
60
52
47
34
31
19
12
7
3
0
0
0
470
0
619
1005
1023
1023
1022
1021
1023
1020
1020
1016
1023
1023
696
820
667
3
0
2
4
1
9
16
23
32
40
49
59
67
76
85
91
105
109
116
126
133
142
151
158
165
183
184
184
183
182
182
182
182
178
183
174
172
170
169
179
170
168
165
161
154
148
141
137
129
133
117
122
102
98
91
85
79
73
66
60
61
34
32
36
37
42
46
51
58
64
72
