-3489.00 744.00 -6029.00
-3441.00 736.00 -5611.00
-3399.00 709.00 -5581.00
-3421.00 728.00 -5620.00
-3388.00 725.00 -5616.00
-3421.00 771.00 -5594.00
-3390.00 755.00 -5586.00
-3433.00 771.00 -5600.00
-3423.00 730.00 -5588.00
-3431.00 757.00 -5607.00
-3418.00 814.00 -5594.00
-3432.00 1222.00 -5348.00
-2718.00 2625.00 -5516.00
-2798.00 4029.00 -4862.00
-2919.00 4758.00 -4316.00
-2629.00 5658.00 -3327.00
-1784.00 6322.00 -2624.00
-2534.00 6205.00 -2482.00
-3938.00 5609.00 -2826.00
-5630.00 4335.00 -3043.00
-6970.00 3306.00 -1964.00
-7313.00 3464.00 -756.00
-7516.00 3447.00 168.00
-7676.00 2771.00 2132.00
-7160.00 1667.00 3713.00
-5825.00 -153.00 5147.00
-3925.00 -1999.00 5620.00
-2488.00 -3586.00 5019.00
-2218.00 -4371.00 4432.00
-2086.00 -4831.00 4128.00
-2348.00 -4876.00 4220.00
-3153.00 -4305.00 4910.00
-5569.00 -2388.00 5248.00
-6861.00 -326.00 4954.00
-6651.00 1835.00 4910.00
-5746.00 2767.00 5251.00
-4760.00 4491.00 4663.00
-2280.00 5880.00 3953.00
941.00 5748.00 3242.00
2664.00 5253.00 2330.00
3115.00 5160.00 1515.00
3373.00 4947.00 1242.00
3422.00 4945.00 1032.00
3767.00 4636.00 411.00
4212.00 3994.00 905.00
5149.00 1406.00 1180.00
5151.00 -266.00 722.00
4754.00 -1452.00 -842.00
4300.00 -1757.00 -2150.00
3601.00 -1996.00 -3114.00
2815.00 -2209.00 -3993.00
1774.00 -2471.00 -4318.00
784.00 -2409.00 -4885.00
-303.00 -2152.00 -5262.00
-1460.00 -2032.00 -5171.00
-2202.00 -1758.00 -5445.00
-2937.00 -1387.00 -5538.00
-3437.00 -964.00 -5606.00
-3819.00 103.00 -5822.00
-3995.00 911.00 -5870.00
-3684.00 1701.00 -6079.00
-3586.00 2003.00 -6137.00
-4175.00 457.00 -6140.00
-5045.00 -2575.00 -4813.00
-5564.00 -4541.00 -2141.00
-5163.00 -5211.00 860.00
-3662.00 -3957.00 4634.00
-1229.00 -1158.00 6413.00
661.00 1284.00 6103.00
2261.00 2450.00 5041.00
3501.00 3773.00 3008.00
3662.00 4574.00 1260.00
4231.00 4100.00 -564.00
4471.00 3255.00 -1804.00
4184.00 3278.00 -2742.00
2976.00 4225.00 -3614.00
3253.00 2575.00 -4360.00
1536.00 1830.00 -5703.00
-302.00 1394.00 -6293.00
-1606.00 2056.00 -6317.00
-2591.00 3156.00 -5947.00
-2994.00 3724.00 -5583.00
-3275.00 3081.00 -5734.00
-2329.00 3168.00 -5742.00
-29813.00 -29813.00 -29813.00
-3965.00 1997.00 -5647.00
-3391.00 1776.00 -6012.00
-3513.00 1824.00 -5854.00
-3343.00 2218.00 -5639.00
-3006.00 2489.00 -5486.00
-2805.00 2496.00 -5363.00
-2422.00 3155.00 -5201.00
-776.00 2691.00 -5386.00
334.00 2553.00 -5232.00
1250.00 1815.00 -4945.00
2338.00 921.00 -4194.00
3816.00 85.00 -2328.00
-32640.00 -32640.00 -32640.00
2847.00 832.00 5126.00
2154.00 5917.00 -1686.00
1161.00 5439.00 -3363.00
-4371.00 4255.00 -4027.00
-6064.00 3764.00 -2867.00
-7125.00 3767.00 -881.00
-7627.00 3125.00 1132.00
-7337.00 2651.00 2747.00
-6924.00 2275.00 3656.00
-6446.00 2162.00 4194.00
-5561.00 1961.00 4950.00
-4929.00 1719.00 5378.00
-4439.00 1701.00 5443.00
-4283.00 1795.00 5505.00
-4584.00 2679.00 4987.00
-4941.00 4155.00 3741.00
-5222.00 5091.00 1792.00
-4523.00 5707.00 -593.00
-3165.00 5464.00 -2188.00
-1954.00 5228.00 -2691.00
-1271.00 4643.00 -2714.00
-2119.00 5016.00 -2459.00
-4829.00 4310.00 -2788.00
-6259.00 3102.00 -3281.00
-5694.00 2521.00 -4567.00
-4608.00 3063.00 -5311.00
-5246.00 3256.00 -5047.00
-5594.00 3143.00 -4934.00
-6046.00 2928.00 -4764.00
-6167.00 590.00 -5147.00
-5040.00 -819.00 -5544.00
-3886.00 -985.00 -5834.00
-1999.00 -937.00 -6136.00
-258.00 -1486.00 -5725.00
2575.00 -2184.00 -4122.00
3229.00 -2138.00 -3451.00
3165.00 -1889.00 -3717.00
2981.00 -1832.00 -3946.00
3030.00 -1671.00 -4048.00
2959.00 -1369.00 -4212.00
2705.00 -1729.00 -4132.00
1908.00 -2699.00 -4202.00
1442.00 -2797.00 -4449.00
502.00 -3333.00 -4542.00
-661.00 -4410.00 -3774.00
-2448.00 -5047.00 -3049.00
-4190.00 -4522.00 -3225.00
-5920.00 -3240.00 -3582.00
-6955.00 -978.00 -4218.00
-7308.00 1742.00 -4321.00
-6758.00 3530.00 -4342.00
-6234.00 4582.00 -4291.00
-5042.00 5966.00 -3968.00
-4676.00 6170.00 -3774.00
-3493.00 6495.00 -3924.00
-3021.00 6267.00 -4218.00
-2162.00 5874.00 -4367.00
-1445.00 5333.00 -4478.00
-1705.00 5135.00 -4123.00
-1281.00 4926.00 -3862.00
-51.00 4997.00 -3512.00
614.00 4932.00 -3556.00
142.00 5370.00 -3553.00
728.00 5518.00 -3238.00
2761.00 4163.00 -3246.00
4489.00 208.00 -2763.00
3983.00 -2845.00 -753.00
2744.00 -4035.00 1308.00
-343.00 -4642.00 3450.00
-1889.00 -4635.00 3833.00
-2666.00 -4674.00 3725.00
-3296.00 -4712.00 3466.00
-4455.00 -4563.00 2866.00
-6068.00 -3509.00 2549.00
-7320.00 -1748.00 2307.00
-7725.00 -544.00 1957.00
-8025.00 561.00 1447.00
-8151.00 1559.00 1146.00
-8138.00 2589.00 786.00
-7736.00 3805.00 -348.00
-6597.00 4885.00 -2611.00
-4836.00 4332.00 -5038.00
-2843.00 2772.00 -6671.00
-1469.00 632.00 -7382.00
-1977.00 -1646.00 -6678.00
-2788.00 -2724.00 -5959.00
-2684.00 -2999.00 -5608.00
-2099.00 -2780.00 -5501.00
-2008.00 -2856.00 -5036.00
-2457.00 -3270.00 -4391.00
-1739.00 -3781.00 -3811.00
-1487.00 -4495.00 -2607.00
-1405.00 -5110.00 -1486.00
-1638.00 -5331.00 -641.00
-2117.00 -5251.00 -802.00
-2205.00 -4719.00 -2016.00
-5898.00 15155.00 -9514.00
-1898.00 -3466.00 -3745.00
-1522.00 -2654.00 -4389.00
-1213.00 -1653.00 -4895.00
-894.00 -834.00 -5109.00
-929.00 -329.00 -5203.00
-1267.00 -253.00 -5201.00
-1549.00 -397.00 -5290.00
-1370.00 -826.00 -5384.00
-820.00 -1309.00 -5324.00
-353.00 -1311.00 -5299.00
269.00 -1299.00 -5227.00
731.00 -1581.00 -5008.00
902.00 -2363.00 -4535.00
511.00 -3261.00 -4000.00
-705.00 -4180.00 -3384.00
-2653.00 -3996.00 -3466.00
-3806.00 -3404.00 -3665.00
-3987.00 -3331.00 -3538.00
-3959.00 -3784.00 -2848.00
-4337.00 -3998.00 -2220.00
-5274.00 -3392.00 -2065.00
-5650.00 -3774.00 -328.00
-4435.00 -4299.00 1847.00
-3388.00 -4300.00 2729.00
-2977.00 -4368.00 2746.00
19575.00 8205.00 1650.00
-1580.00 -4194.00 2123.00
-1109.00 -4136.00 1449.00
-17.00 -28350.00 -1548.00
3017.00 -6377.00 716.00
1469.00 -6854.00 -1507.00
-5912.00 -5912.00 -5912.00
19275.00 19275.00 19275.00
-2571.00 -2571.00 -2571.00
10794.00 10794.00 10794.00
-5176.00 -13066.00 -12586.00
-13879.00 -13879.00 -13879.00
2041.00 4745.00 -3668.00
1459.00 4626.00 -4152.00
974.00 4161.00 -4708.00
861.00 4003.00 -4931.00
712.00 4047.00 -4906.00
772.00 3889.00 -4980.00
257.00 4111.00 -4666.00
696.00 5233.00 -3891.00
805.00 5892.00 -3113.00
675.00 6516.00 -2102.00
984.00 6990.00 268.00
1617.00 6414.00 2193.00
2680.00 4945.00 3707.00
3867.00 2503.00 4535.00
4536.00 -412.00 4350.00
4506.00 -1948.00 3873.00
4060.00 -3480.00 3129.00
3922.00 -4225.00 1601.00
4261.00 -3672.00 750.00
4453.00 -3043.00 33.00
4564.00 -2538.00 780.00
3192.00 -3820.00 1731.00
-193.00 -4862.00 3042.00
-2050.00 -4725.00 3330.00
-4722.00 -3652.00 3242.00
-6905.00 -1595.00 2392.00
-7494.00 1788.00 -616.00
-6133.00 3285.00 -2271.00
-4828.00 4172.00 -2777.00
-4472.00 3918.00 -3109.00
-4616.00 2843.00 -3564.00
-4426.00 2732.00 -3460.00
-4115.00 3012.00 -2559.00
-2143.00 4803.00 610.00
-6218.00 2937.00 1887.00
-6368.00 2339.00 -3753.00
-4310.00 3462.00 -5414.00
-3106.00 4190.00 -5673.00
-2576.00 4472.00 -5785.00
-1947.00 4491.00 -5856.00
-1840.00 4249.00 -5922.00
-1982.00 3500.00 -6156.00
-2044.00 2511.00 -6368.00
-1837.00 1995.00 -6555.00
-1876.00 1486.00 -6840.00
-2099.00 1002.00 -7070.00
-2898.00 515.00 -7252.00
-4024.00 1511.00 -7114.00
-4784.00 3155.00 -6269.00
-4830.00 4575.00 -4235.00
-4876.00 4811.00 -2215.00
-3562.00 4071.00 -1556.00
-2551.00 5188.00 -857.00
-1077.00 6140.00 -412.00
1673.00 5382.00 737.00
4016.00 3133.00 1374.00
4804.00 1264.00 961.00
4985.00 -96.00 349.00
4840.00 -1123.00 2.00
4495.00 -2281.00 -72.00
3342.00 -3922.00 219.00
1509.00 -5494.00 181.00
-1787.00 -6367.00 -177.00
-3442.00 -6336.00 -1528.00
-4711.00 -5691.00 -3183.00
-6138.00 -3722.00 -5047.00
-6823.00 -3134.00 -5404.00
-6926.00 -2847.00 -6119.00
-6307.00 -3708.00 -6006.00
-6366.00 -4544.00 -4204.00
-6092.00 -4648.00 -3222.00
-5144.00 -4361.00 -2619.00
-4878.00 -3317.00 -2556.00
-5841.00 -1336.00 -2207.00
-5604.00 -393.00 -2188.00
-4964.00 106.00 -2598.00
-4661.00 584.00 -2858.00
-4314.00 1363.00 -3028.00
-4393.00 2156.00 -3038.00
-4499.00 3254.00 -2675.00
-4368.00 4025.00 -2408.00
-4145.00 5121.00 -1609.00
-3944.00 5700.00 -803.00
-4087.00 5947.00 -101.00
-3514.00 6440.00 1049.00
-1197.00 6336.00 2490.00
1113.00 4217.00 4559.00
2230.00 678.00 5400.00
2807.00 -2674.00 4176.00
2257.00 -4661.00 1318.00
743.00 -5277.00 -847.00
-721.00 -5178.00 -2211.00
-1463.00 -4516.00 -3140.00
-1364.00 -4824.00 -2873.00
-226.00 -5371.00 -1821.00
1287.00 -5396.00 -197.00
3084.00 -3840.00 2324.00
3018.00 -1951.00 4321.00
2136.00 24.00 5389.00
637.00 3539.00 5296.00
-2351.00 6466.00 2143.00
-3149.00 6532.00 508.00
-3297.00 6067.00 -1526.00
-3856.00 4449.00 -3383.00
-4564.00 2238.00 -4153.00
-4643.00 -220.00 -4334.00
-5281.00 -504.00 -3968.00
-6070.00 -1278.00 -2917.00
-6632.00 -1572.00 -1816.00
-6997.00 -1603.00 -617.00
-7182.00 -1243.00 527.00
-6759.00 -1469.00 1969.00
-5451.00 -1731.00 3682.00
-2891.00 -1354.00 5103.00
-699.00 -1220.00 5135.00
24415.00 24415.00 24415.00
7196.00 7196.00 7196.00
32639.00 32639.00 32639.00
20817.00 20817.00 20817.00
-4791.00 6240.00 -1067.00
-21484.00 31417.00 -271.00
-3990.00 6072.00 -2654.00
-2634.00 6171.00 -2898.00
-58.00 6258.00 -2292.00
1185.00 5735.00 -1756.00
1380.00 5194.00 -2489.00
875.00 4954.00 -2945.00
370.00 3932.00 -4031.00
-550.00 2636.00 -4904.00
-521.00 1535.00 -5191.00
-146.00 464.00 -4952.00
277.00 -187.00 -4524.00
485.00 51.00 -4430.00
1900.00 1127.00 -3781.00
2674.00 1924.00 -3029.00
3422.00 1840.00 -2422.00
3816.00 1649.00 -2291.00
4524.00 1162.00 -1117.00
4618.00 68.00 1052.00
2910.00 -2791.00 2361.00
-2788.00 -4759.00 2616.00
-5109.00 -4176.00 1803.00
-6916.00 -2683.00 1406.00
-7770.00 -1145.00 -152.00
-7895.00 -27.00 -1140.00
-7660.00 529.00 -1859.00
7978.00 7151.00 -7221.00
-6395.00 1131.00 -3782.00
-4611.00 1388.00 -5067.00
-5669.00 1755.00 -4321.00
-7541.00 1775.00 -2065.00
-8193.00 1976.00 1262.00
-6768.00 2445.00 4188.00
-2603.00 3983.00 5737.00
-1592.00 6324.00 3646.00
-863.00 7605.00 -388.00
132.00 7103.00 -2137.00
-158.00 5801.00 -4270.00
-414.00 4351.00 -5120.00
-439.00 5313.00 -3916.00
1606.00 5294.00 -2728.00
3746.00 3469.00 -2161.00
4522.00 1644.00 -1699.00
4628.00 -54.00 -1053.00
4560.00 807.00 -1414.00
2877.00 3482.00 -2892.00
181.00 4679.00 -3471.00
-1129.00 3292.00 -4673.00
-1366.00 2009.00 -5164.00
-972.00 1191.00 -5297.00
-130.00 982.00 -5127.00
263.00 1236.00 -5036.00
231.00 1443.00 -5075.00
868.00 1772.00 -4972.00
934.00 1926.00 -4985.00
1353.00 1903.00 -4925.00
515.00 2077.00 -5200.00
-345.00 2298.00 -5364.00
-8996.00 -8996.00 -8996.00
-1368.00 5629.00 -2020.00
734.00 5400.00 -583.00
2048.00 4414.00 1143.00
1940.00 3298.00 2923.00
848.00 2477.00 4344.00
95.00 2226.00 5856.00
-367.00 2129.00 6638.00
-783.00 2276.00 6908.00
-999.00 2722.00 6655.00
-569.00 3049.00 6209.00
-338.00 3166.00 5842.00
-230.00 2853.00 5715.00
-150.00 -418.00 5351.00
-34.00 -96.00 6315.00
449.00 -413.00 6092.00
706.00 -1065.00 6231.00
-1700.00 -2038.00 6327.00
-772.00 -772.00 -772.00
-16963.00 -16963.00 -16963.00
-13365.00 -13365.00 -13365.00
514.00 514.00 514.00
-2863.00 5826.00 -1970.00
-1508.00 5988.00 -1846.00
165.00 5941.00 -1152.00
1389.00 5579.00 -34.00
1424.00 5261.00 1505.00
926.00 4821.00 2666.00
440.00 3840.00 3841.00
-404.00 2920.00 4324.00
-844.00 1138.00 2643.00
-5377.00 653.00 1869.00
-4118.00 4589.00 5225.00
-2202.00 5118.00 5742.00
-1369.00 5103.00 5918.00
-978.00 4608.00 5915.00
-1243.00 4941.00 5581.00
-1746.00 5062.00 5472.00
-1828.00 5670.00 5221.00
-2226.00 6711.00 4259.00
-1668.00 7303.00 2922.00
-709.00 7164.00 1309.00
-40.00 6086.00 272.00
778.00 5056.00 -1219.00
663.00 4450.00 -2816.00
5397.00 5397.00 5397.00
5911.00 5911.00 5911.00
8481.00 8481.00 8481.00
-5392.00 6938.00 -2747.00
-5720.00 6543.00 -2954.00
-5876.00 6172.00 -3305.00
-6093.00 5566.00 -3338.00
-6033.00 4998.00 -2921.00
-5428.00 3547.00 -2316.00
-3176.00 2085.00 -1795.00
-721.00 4114.00 -2715.00
96.00 4794.00 -3218.00
1117.00 4353.00 -3546.00
17219.00 17219.00 17219.00
6115.00 553.00 1860.00
-11823.00 -11823.00 -11823.00
-2571.00 -2571.00 -2571.00
955.00 -2901.00 3708.00
3267.00 -2290.00 572.00
3314.00 -1540.00 -1164.00
2545.00 -208.00 -2738.00
1024.00 498.00 -3476.00
-1301.00 1483.00 -3098.00
-3375.00 3872.00 -2192.00
-2716.00 5747.00 -3351.00
-3801.00 5926.00 -4348.00
-3615.00 5954.00 -5011.00
-3478.00 5914.00 -5254.00
-3178.00 6242.00 -5111.00
-3701.00 6371.00 -4698.00
-4150.00 6418.00 -4087.00
-4344.00 6470.00 -3333.00
-4408.00 6404.00 -2535.00
-4362.00 5911.00 -2815.00
1285.00 1285.00 1285.00
6682.00 6682.00 6682.00
-6683.00 -6683.00 -6683.00
2038.00 363.00 -4849.00
1120.00 1366.00 -5159.00
-19533.00 -19533.00 -19533.00
-27148.00 -7991.00 24014.00
-5518.00 6241.00 -2476.00
-5211.00 6326.00 -2757.00
-4745.00 5868.00 -3024.00
-4075.00 5732.00 -3173.00
-3943.00 5340.00 -3392.00
-3295.00 5107.00 -3694.00
12850.00 12850.00 12850.00
8870.00 1455.00 -13829.00
1042.00 -3943.00 2389.00
-967.00 -4096.00 3235.00
-2767.00 -3662.00 3438.00
-3039.00 -3669.00 3437.00
-2990.00 -4100.00 2906.00
-3146.00 -4328.00 2355.00
-2944.00 -4706.00 861.00
-2575.00 -4834.00 -191.00
-1741.00 -4754.00 -1277.00
-656.00 -4509.00 -2265.00
-140.00 -4424.00 -2743.00
-147.00 -4575.00 -3172.00
-221.00 -4444.00 -3507.00
-15.00 -4048.00 -3784.00
499.00 -2999.00 -4668.00
753.00 -1882.00 -5366.00
910.00 -979.00 -5715.00
1046.00 -392.00 -5804.00
1205.00 -150.00 -5843.00
1304.00 -86.00 -5777.00
1386.00 -7.00 -5752.00
1338.00 123.00 -5808.00
1328.00 152.00 -5743.00
1136.00 -136.00 -5811.00
1021.00 -267.00 -5775.00
1028.00 -292.00 -5669.00
580.00 -437.00 -5640.00
262.00 -790.00 -5520.00
-40.00 -1248.00 -5336.00
502.00 -1933.00 -4917.00
1367.00 -2113.00 -4437.00
1733.00 -2298.00 -4170.00
2066.00 -2721.00 -4012.00
1876.00 -3352.00 -4400.00
1784.00 -3376.00 -4812.00
1655.00 -3292.00 -5152.00
1561.00 -3364.00 -5025.00
1753.00 -3479.00 -4929.00
2405.00 -3300.00 -4454.00
2194.00 -2760.00 -4456.00
1712.00 -2388.00 -4824.00
974.00 -1276.00 -5280.00
1708.00 179.00 -5583.00
3131.00 3086.00 -4305.00
2855.00 3166.00 -4658.00
2407.00 3239.00 -4922.00
2486.00 3141.00 -4982.00
2468.00 3177.00 -5012.00
2433.00 3155.00 -4992.00
2387.00 3221.00 -4785.00
2377.00 3174.00 -5031.00
2362.00 3191.00 -5075.00
2335.00 3251.00 -5084.00
2320.00 3319.00 -5046.00
2182.00 3369.00 -5091.00
2153.00 3400.00 -5055.00
2116.00 3476.00 -5079.00
2023.00 3467.00 -5127.00
1997.00 3576.00 -5131.00
1917.00 3589.00 -5116.00
1828.00 3656.00 -5158.00
1732.00 3717.00 -5154.00
1636.00 3843.00 -5176.00
1508.00 3853.00 -5232.00
1383.00 3905.00 -5218.00
1199.00 4068.00 -5257.00
1003.00 4111.00 -5320.00
699.00 4228.00 -5349.00
427.00 4351.00 -5868.00
5.00 4473.00 -5462.00
-169.00 4454.00 -5524.00
-138.00 4430.00 -5518.00
-273.00 4463.00 -5273.00
-274.00 4427.00 -5543.00
-346.00 4461.00 -5516.00
-381.00 4475.00 -5479.00
-474.00 4703.00 -5429.00
-465.00 4470.00 -5484.00
-532.00 4504.00 -5507.00
-549.00 4471.00 -5511.00
-546.00 4509.00 -5200.00
-566.00 4505.00 -5514.00
-572.00 4501.00 -5512.00
-593.00 4515.00 -5542.00
-644.00 4517.00 -5571.00
-614.00 4521.00 -5520.00
-651.00 4477.00 -5494.00
-671.00 4548.00 -5477.00
-695.00 4509.00 -5518.00
-787.00 4526.00 -5528.00
-768.00 4485.00 -5503.00
-722.00 4536.00 -5513.00
-717.00 4530.00 -5506.00
-781.00 4507.00 -5535.00
-747.00 4514.00 -5536.00
-762.00 4566.00 -5508.00
-834.00 4513.00 -5499.00
-791.00 4563.00 -5506.00
-810.00 4546.00 -5494.00
-774.00 4553.00 -5516.00
-849.00 4540.00 -5544.00
-827.00 4520.00 -5522.00
-803.00 4521.00 -5533.00
-858.00 4496.00 -5532.00
-826.00 4551.00 -5547.00
-848.00 4517.00 -5538.00
-812.00 4540.00 -5539.00
